# Created by Octave 5.2.0, Mon Mar 09 11:36:44 2020 GMT <unknown@DESKTOP-87NCB7C>
# name: alpha
# type: scalar
0.29999999999999999


# name: ans
# type: scalar
400


# name: enums
# type: scalar
2000


# name: m
# type: scalar
8


# name: theta
# type: matrix
# rows: 2
# columns: 1
 0
 0


# name: x
# type: matrix
# rows: 8
# columns: 2
 1 4330
 1 3515
 1 6168
 1 3820
 1 1164
 1 5309
 1 2977
 1 6337


# name: x1
# type: matrix
# rows: 8
# columns: 1
 0.61202397061666347
 0.45447515948192541
 0.96733036922482118
 0.5134351440170114
 0
 0.80127585540305435
 0.35047361299052776
 1


# name: x2
# type: matrix
# rows: 8
# columns: 1
 0.02464720664991301
 -0.13290160448482505
 0.37995360525807076
 -0.073941619949739024
 -0.58737676396675043
 0.2138990914363039
 -0.23690315097622269
 0.41262323603324957


# name: x3
# type: matrix
# rows: 8
# columns: 1
 0.073589080499055284
 -0.39680386543608243
 1.1344261782030836
 -0.22076724149716584
 -1.7537287929127803
 0.63863778488003664
 -0.70732092667915492
 1.2319677829430078


# name: x4
# type: matrix
# rows: 8
# columns: 1
 0.33988108721678811
 0.27590808812171136
 0.48415393670973422
 0.29984890373397938
 0.091367571713704715
 0.4167271806082975
 0.23367805927121901
 0.49741950339325319


# name: y
# type: matrix
# rows: 8
# columns: 1
 801900
 769000
 1125000
 784990
 319900
 764900
 681900
 725000


# name: zillow
# type: matrix
# rows: 8
# columns: 2
 4330 801900
 3515 769000
 6168 1125000
 3820 784990
 1164 319900
 5309 764900
 2977 681900
 6337 725000


